0.783867950957195,0.393887938060607
0.783867950957195,0.393887938060607
0.783867950957195,0.393887938060607
0.783867950957195,0.393887938060607
0.783867950957195,0.393887938060607
0.783867950957195,0.393887938060607
0.783867950957195,0.393887938060607
0.783867950957195,0.393887938060607
0.783867950957195,0.393887938060607
0.783867950957195,0.393887938060607
0.783867950957195,0.393887938060607
0.783867950957195,0.393887938060607
0.783867950957195,0.393887938060607
0.783867950957195,0.393887938060607
0.783867950957195,0.393887938060607
0.783867950957195,0.393887938060607
0.783867950957195,0.393887938060607
0.783867950957195,0.393887938060607
0.783867950957195,0.393887938060607
0.783867950957195,0.393887938060607
0.783867950957195,0.393887938060607
0.783867950957195,0.393887938060607
0.783867950957195,0.393887938060607
0.783867950957195,0.393887938060607
0.783867950957195,0.393887938060607
0.783867950957195,0.393887938060607
0.783867950957195,0.393887938060607
0.783867950957195,0.393887938060607
0.783867950957195,0.393887938060607
0.783867950957195,0.393887938060607
0.783867950957195,0.393887938060607
0.783867950957195,0.393887938060607
0.783867950957195,0.393887938060607
0.783867950957195,0.393887938060607
0.783867950957195,0.393887938060607
0.783867950957195,0.393887938060607
0.783867950957195,0.393887938060607
0.783867950957195,0.393887938060607
0.783867950957195,0.393887938060607
0.783867950957195,0.393887938060607
0.783867950957195,0.393887938060607
0.783867950957195,0.393887938060607
0.783867950957195,0.393887938060607
0.783867950957195,0.393887938060607
0.783867950957195,0.393887938060607
0.783867950957195,0.393887938060607
0.783867950957195,0.393887938060607
0.783867950957195,0.393887938060607
0.783867950957195,0.393887938060607
0.783867950957195,0.393887938060607
0.783867950957195,0.393887938060607
0.783867950957195,0.393887938060607
0.783867950957195,0.393887938060607
0.783867950957195,0.393887938060607
0.783867950957195,0.393887938060607
0.783867950957195,0.393887938060607
0.783867950957195,0.393887938060607
0.783867950957195,0.393887938060607
