#! ./venv/bin/python
import numpy as np
import heapq
import copy


class ActionSet:
    """
        The action set. This class record all allowed action in this state lattice problem.
        The action is in format of (delta_x, delta_y, next_direction, is_forward).

        direction_actions_0 record all possible action when start_direction is 0.
        direction_actions_1 record all possible action when start_direction is 1.
        All action from other start_direction(2~7) can be attained by rotation.

        action_functions are function that describe the moving curve of actions.
        Each function is record as (independent variable, curve function, differential of the curve function)
        We use curve function to calculate curve, use differential of the curve function to calculate
        theta.

        action_functions_0 record all functions when start_direction is 0.
        action_functions_1 record all functions when start_direction is 1.
        All the result from other start_direction(2~7) can be attained by rotation.
    """
    
    # Set of possible actions, in format of (delta_x, delta_y, next_direction, is_forward)
    # the first line of action stands for moving forward, the second for moving backward
    direction_actions_0 = [(9, 1, 0, 1), (11, 2, 0, 1), (12, 3, 0, 1), (7, 3, 1, 1)] + \
                          [(7, 7, 2, 1), (9, -1, 0, 1), (11, -2, 0, 1), (12, -3, 0, 1)] + \
                          [(7, -3, 7, 1), (7, -7, 6, 1), (1, 0, 0, 1), (-9, -1, 0, 0)] + \
                          [(-11, -2, 0, 0), (-12, -3, 0, 0), (-7, -3, 1, 0), (-7, -7, 2, 0)] + \
                          [(-9, 1, 0, 0), (-11, 2, 0, 0), (-12, 3, 0, 0), (-7, 3, 7, 0)] + \
                          [(-7, 7, 6, 0), (-1, 0, 0, 0)]

    direction_actions_1 = [(6, 7, 1, 1), (7, 9, 1, 1), (7, 10, 1, 1), (3, 7, 2, 1)] + \
                          [(0, 9, 3, 1), (7, 6, 1, 1), (9, 7, 1, 1), (10, 7, 1, 1)] + \
                          [(7, 3, 0, 1), (9, 0, 7, 1), (1, 1, 1, 1), (-6, -7, 1, 0)] + \
                          [(-7, -9, 1, 0), (-7, -10, 1, 0), (-3, -7, 2, 0), (0, -9, 3, 0)] + \
                          [(-7, -6, 1, 0), (-9, -7, 1, 0), (-10, -7, 1, 0), (-7, -3, 0, 0)] + \
                          [(-9, 0, 7, 0), (-1, -1, 1, 0)]

    edge_cost_0 = [10.734, 13.263, 15.109, 11.498, 16.616, 10.734, 13.263, 15.109, 11.498, 16.616, 1]
    edge_cost_1 = [9.992, 12.374, 13.728, 11.498, 16.603, 9.992, 12.374, 13.728, 11.498, 16.603, 1.414]

    path_x_0 = [[0, 0.181733, 0.363467, 0.545200, 0.726930, 0.908653, 1.090356, 1.272020, 1.453620, 1.635120, 1.816478, 1.997646, 2.178577, 2.359224, 2.539543, 2.719501, 2.899073, 3.078247, 3.257024, 3.435417, 3.613454, 3.791174, 3.968626, 4.145870, 4.322972, 4.500000, 4.677028, 4.854130, 5.031374, 5.208826, 5.386546, 5.564583, 5.742976, 5.921753, 6.100927, 6.280499, 6.460457, 6.640776, 6.821423, 7.002354, 7.183522, 7.364880, 7.546380, 7.727980, 7.909644, 8.091347, 8.273070, 8.454800, 8.636533, 8.818267, 9.000000],
                [0, 0.225519, 0.451038, 0.676555, 0.902061, 1.127533, 1.352926, 1.578169, 1.803162, 2.027782, 2.251888, 2.475330, 2.697963, 2.919654, 3.140294, 3.359806, 3.578146, 3.795306, 4.011316, 4.226240, 4.440173, 4.653240, 4.865585, 5.077373, 5.288782, 5.500000, 5.711218, 5.922627, 6.134415, 6.346760, 6.559827, 6.773760, 6.988684, 7.204694, 7.421854, 7.640194, 7.859706, 8.080346, 8.302037, 8.524670, 8.748112, 8.972218, 9.196838, 9.421831, 9.647074, 9.872467, 10.097939, 10.323445, 10.548962, 10.774481, 11.000000],
                [0, 0.251167, 0.502333, 0.753495, 1.004630, 1.255684, 1.506555, 1.757081, 2.007042, 2.256173, 2.504178, 2.750757, 2.995627, 3.238548, 3.479338, 3.717882, 3.954135, 4.188127, 4.419948, 4.649753, 4.877743, 5.104161, 5.329285, 5.553417, 5.776877, 6.000000, 6.223123, 6.446583, 6.670715, 6.895839, 7.122257, 7.350247, 7.580052, 7.811873, 8.045865, 8.282118, 8.520662, 8.761452, 9.004373, 9.249243, 9.495822, 9.743827, 9.992958, 10.242919, 10.493445, 10.744316, 10.995370, 11.246505, 11.497667, 11.748833, 12.000000],
                [0, 0.158902, 0.317805, 0.476707, 0.635608, 0.794505, 0.953393, 1.112259, 1.271086, 1.429847, 1.588507, 1.747017, 1.905318, 2.063338, 2.220994, 2.378191, 2.534823, 2.690777, 2.845930, 3.000156, 3.153327, 3.305312, 3.455985, 3.605221, 3.752905, 3.898930, 4.043199, 4.185630, 4.326152, 4.464713, 4.601274, 4.735816, 4.868337, 4.998852, 5.127394, 5.254015, 5.378783, 5.501784, 5.623119, 5.742903, 5.861267, 5.978351, 6.094307, 6.209293, 6.323470, 6.437001, 6.550044, 6.662748, 6.775243, 6.887637, 7.000000],
                [0, 0.233539, 0.467079, 0.700616, 0.934143, 1.167636, 1.401048, 1.634297, 1.867257, 2.099755, 2.331566, 2.562409, 2.791953, 3.019819, 3.245581, 3.468780, 3.688923, 3.905494, 4.117965, 4.325797, 4.528450, 4.725393, 4.916104, 5.100082, 5.276849, 5.445957, 5.606992, 5.759581, 5.903393, 6.038150, 6.163625, 6.279652, 6.386127, 6.483017, 6.570358, 6.648266, 6.716936, 6.776643, 6.827748, 6.870698, 6.906018, 6.934316, 6.956276, 6.972645, 6.984228, 6.991872, 6.996445, 6.998802, 6.999750, 6.999984, 7.000000],
                [0, 0.181733, 0.363467, 0.545200, 0.726930, 0.908653, 1.090356, 1.272020, 1.453620, 1.635120, 1.816478, 1.997646, 2.178577, 2.359224, 2.539543, 2.719501, 2.899073, 3.078247, 3.257024, 3.435417, 3.613454, 3.791174, 3.968626, 4.145870, 4.322972, 4.500000, 4.677028, 4.854130, 5.031374, 5.208826, 5.386546, 5.564583, 5.742976, 5.921753, 6.100927, 6.280499, 6.460457, 6.640776, 6.821423, 7.002354, 7.183522, 7.364880, 7.546380, 7.727980, 7.909644, 8.091347, 8.273070, 8.454800, 8.636533, 8.818267, 9.000000],
                [0, 0.225519, 0.451038, 0.676555, 0.902061, 1.127533, 1.352926, 1.578169, 1.803162, 2.027782, 2.251888, 2.475330, 2.697963, 2.919654, 3.140294, 3.359806, 3.578146, 3.795306, 4.011316, 4.226240, 4.440173, 4.653240, 4.865585, 5.077373, 5.288782, 5.500000, 5.711218, 5.922627, 6.134415, 6.346760, 6.559827, 6.773760, 6.988684, 7.204694, 7.421854, 7.640194, 7.859706, 8.080346, 8.302037, 8.524670, 8.748112, 8.972218, 9.196838, 9.421831, 9.647074, 9.872467, 10.097939, 10.323445, 10.548962, 10.774481, 11.000000],
                [0, 0.251167, 0.502333, 0.753495, 1.004630, 1.255684, 1.506555, 1.757081, 2.007042, 2.256173, 2.504178, 2.750757, 2.995627, 3.238548, 3.479338, 3.717882, 3.954135, 4.188127, 4.419948, 4.649753, 4.877743, 5.104161, 5.329285, 5.553417, 5.776877, 6.000000, 6.223123, 6.446583, 6.670715, 6.895839, 7.122257, 7.350247, 7.580052, 7.811873, 8.045865, 8.282118, 8.520662, 8.761452, 9.004373, 9.249243, 9.495822, 9.743827, 9.992958, 10.242919, 10.493445, 10.744316, 10.995370, 11.246505, 11.497667, 11.748833, 12.000000],
                [0, 0.158902, 0.317805, 0.476707, 0.635608, 0.794505, 0.953393, 1.112259, 1.271086, 1.429847, 1.588507, 1.747017, 1.905318, 2.063338, 2.220994, 2.378191, 2.534823, 2.690777, 2.845930, 3.000156, 3.153327, 3.305312, 3.455985, 3.605221, 3.752905, 3.898930, 4.043199, 4.185630, 4.326152, 4.464713, 4.601274, 4.735816, 4.868337, 4.998852, 5.127394, 5.254015, 5.378783, 5.501784, 5.623119, 5.742903, 5.861267, 5.978351, 6.094307, 6.209293, 6.323470, 6.437001, 6.550044, 6.662748, 6.775243, 6.887637, 7.000000],
                [0, 0.233539, 0.467079, 0.700616, 0.934143, 1.167636, 1.401048, 1.634297, 1.867257, 2.099755, 2.331566, 2.562409, 2.791953, 3.019819, 3.245581, 3.468780, 3.688923, 3.905494, 4.117965, 4.325797, 4.528450, 4.725393, 4.916104, 5.100082, 5.276849, 5.445957, 5.606992, 5.759581, 5.903393, 6.038150, 6.163625, 6.279652, 6.386127, 6.483017, 6.570358, 6.648266, 6.716936, 6.776643, 6.827748, 6.870698, 6.906018, 6.934316, 6.956276, 6.972645, 6.984228, 6.991872, 6.996445, 6.998802, 6.999750, 6.999984, 7.000000],
                np.linspace(0, 1, 51)]

    path_y_0 = [[0, 0.000007, 0.000109, 0.000524, 0.001552, 0.003539, 0.006842, 0.011804, 0.018743, 0.027931, 0.039590, 0.053887, 0.070927, 0.090759, 0.113371, 0.138701, 0.166637, 0.197022, 0.229666, 0.264345, 0.300809, 0.338790, 0.378001, 0.418145, 0.458915, 0.500000, 0.541085, 0.581855, 0.621999, 0.661210, 0.699191, 0.735655, 0.770334, 0.802978, 0.833363, 0.861299, 0.886629, 0.909241, 0.929073, 0.946113, 0.960410, 0.972069, 0.981257, 0.988196, 0.993158, 0.996461, 0.998448, 0.999476, 0.999891, 0.999993, 1.000000],
                [0, 0.000017, 0.000260, 0.001235, 0.003625, 0.008183, 0.015663, 0.026766, 0.042102, 0.062169, 0.087333, 0.117830, 0.153762, 0.195108, 0.241737, 0.293421, 0.349856, 0.410675, 0.475462, 0.543767, 0.615115, 0.689014, 0.764962, 0.842451, 0.920968, 1.000000, 1.079032, 1.157549, 1.235038, 1.310986, 1.384885, 1.456233, 1.524538, 1.589325, 1.650144, 1.706579, 1.758263, 1.804892, 1.846238, 1.882170, 1.912667, 1.937831, 1.957898, 1.973234, 1.984337, 1.991817, 1.996375, 1.998765, 1.999740, 1.999983, 2.000000],
                [0, 0.000028, 0.000432, 0.002041, 0.005956, 0.013376, 0.025474, 0.043317, 0.067809, 0.099647, 0.139307, 0.187039, 0.242876, 0.306661, 0.378075, 0.456672, 0.541908, 0.633176, 0.729825, 0.831180, 0.936556, 1.045270, 1.156641, 1.269996, 1.384669, 1.500000, 1.615331, 1.730004, 1.843359, 1.954730, 2.063444, 2.168820, 2.270175, 2.366824, 2.458092, 2.543328, 2.621925, 2.693339, 2.757124, 2.812961, 2.860693, 2.900353, 2.932191, 2.956683, 2.974526, 2.986624, 2.994044, 2.997959, 2.999568, 2.999972, 3.000000],
                [0, 0.000004, 0.000065, 0.000318, 0.000960, 0.002235, 0.004415, 0.007791, 0.012663, 0.019330, 0.028090, 0.039229, 0.053020, 0.069717, 0.089558, 0.112756, 0.139499, 0.169950, 0.204245, 0.242490, 0.284766, 0.331123, 0.381584, 0.436145, 0.494778, 0.557429, 0.624024, 0.694466, 0.768641, 0.846421, 0.927659, 1.012200, 1.099876, 1.190512, 1.283925, 1.379927, 1.478325, 1.578924, 1.681527, 1.785936, 1.891953, 1.999382, 2.108029, 2.217702, 2.328216, 2.439394, 2.551069, 2.663086, 2.775313, 2.887641, 3.000000],
                [0, 0.000016, 0.000250, 0.001198, 0.003555, 0.008128, 0.015772, 0.027355, 0.043724, 0.065684, 0.093982, 0.129302, 0.172252, 0.223357, 0.283064, 0.351734, 0.429642, 0.516983, 0.613873, 0.720348, 0.836375, 0.961850, 1.096607, 1.240419, 1.393008, 1.554043, 1.723151, 1.899918, 2.083896, 2.274607, 2.471550, 2.674203, 2.882035, 3.094506, 3.311077, 3.531220, 3.754419, 3.980181, 4.208047, 4.437591, 4.668434, 4.900245, 5.132743, 5.365703, 5.598952, 5.832364, 6.065857, 6.299384, 6.532921, 6.766461, 7.000000],
                np.negative([0, 0.000007, 0.000109, 0.000524, 0.001552, 0.003539, 0.006842, 0.011804, 0.018743, 0.027931, 0.039590, 0.053887, 0.070927, 0.090759, 0.113371, 0.138701, 0.166637, 0.197022, 0.229666, 0.264345, 0.300809, 0.338790, 0.378001, 0.418145, 0.458915, 0.500000, 0.541085, 0.581855, 0.621999, 0.661210, 0.699191, 0.735655, 0.770334, 0.802978, 0.833363, 0.861299, 0.886629, 0.909241, 0.929073, 0.946113, 0.960410, 0.972069, 0.981257, 0.988196, 0.993158, 0.996461, 0.998448, 0.999476, 0.999891, 0.999993, 1.000000]),
                np.negative([0, 0.000017, 0.000260, 0.001235, 0.003625, 0.008183, 0.015663, 0.026766, 0.042102, 0.062169, 0.087333, 0.117830, 0.153762, 0.195108, 0.241737, 0.293421, 0.349856, 0.410675, 0.475462, 0.543767, 0.615115, 0.689014, 0.764962, 0.842451, 0.920968, 1.000000, 1.079032, 1.157549, 1.235038, 1.310986, 1.384885, 1.456233, 1.524538, 1.589325, 1.650144, 1.706579, 1.758263, 1.804892, 1.846238, 1.882170, 1.912667, 1.937831, 1.957898, 1.973234, 1.984337, 1.991817, 1.996375, 1.998765, 1.999740, 1.999983, 2.000000]),
                np.negative([0, 0.000028, 0.000432, 0.002041, 0.005956, 0.013376, 0.025474, 0.043317, 0.067809, 0.099647, 0.139307, 0.187039, 0.242876, 0.306661, 0.378075, 0.456672, 0.541908, 0.633176, 0.729825, 0.831180, 0.936556, 1.045270, 1.156641, 1.269996, 1.384669, 1.500000, 1.615331, 1.730004, 1.843359, 1.954730, 2.063444, 2.168820, 2.270175, 2.366824, 2.458092, 2.543328, 2.621925, 2.693339, 2.757124, 2.812961, 2.860693, 2.900353, 2.932191, 2.956683, 2.974526, 2.986624, 2.994044, 2.997959, 2.999568, 2.999972, 3.000000]),
                np.negative([0, 0.000004, 0.000065, 0.000318, 0.000960, 0.002235, 0.004415, 0.007791, 0.012663, 0.019330, 0.028090, 0.039229, 0.053020, 0.069717, 0.089558, 0.112756, 0.139499, 0.169950, 0.204245, 0.242490, 0.284766, 0.331123, 0.381584, 0.436145, 0.494778, 0.557429, 0.624024, 0.694466, 0.768641, 0.846421, 0.927659, 1.012200, 1.099876, 1.190512, 1.283925, 1.379927, 1.478325, 1.578924, 1.681527, 1.785936, 1.891953, 1.999382, 2.108029, 2.217702, 2.328216, 2.439394, 2.551069, 2.663086, 2.775313, 2.887641, 3.000000]),
                np.negative([0, 0.000016, 0.000250, 0.001198, 0.003555, 0.008128, 0.015772, 0.027355, 0.043724, 0.065684, 0.093982, 0.129302, 0.172252, 0.223357, 0.283064, 0.351734, 0.429642, 0.516983, 0.613873, 0.720348, 0.836375, 0.961850, 1.096607, 1.240419, 1.393008, 1.554043, 1.723151, 1.899918, 2.083896, 2.274607, 2.471550, 2.674203, 2.882035, 3.094506, 3.311077, 3.531220, 3.754419, 3.980181, 4.208047, 4.437591, 4.668434, 4.900245, 5.132743, 5.365703, 5.598952, 5.832364, 6.065857, 6.299384, 6.532921, 6.766461, 7.000000]),
                np.zeros(51)]

    theta_0 = [[0, 0.000154, 0.001175, 0.003667, 0.007969, 0.014228, 0.022436, 0.032477, 0.044154, 0.057209, 0.071348, 0.086254, 0.101604, 0.117077, 0.132371, 0.147202, 0.161316, 0.174487, 0.186520, 0.197250, 0.206540, 0.214281, 0.220386, 0.224790, 0.227450, 0.228340, 0.227450, 0.224790, 0.220386, 0.214281, 0.206540, 0.197250, 0.186520, 0.174487, 0.161316, 0.147202, 0.132371, 0.117077, 0.101604, 0.086254, 0.071348, 0.057209, 0.044154, 0.032477, 0.022436, 0.014228, 0.007969, 0.003667, 0.001175, 0.000154, 0.000000],
               [0, 0.000296, 0.002245, 0.006916, 0.014837, 0.026149, 0.040723, 0.058239, 0.078250, 0.100227, 0.123598, 0.147789, 0.172242, 0.196445, 0.219938, 0.242328, 0.263287, 0.282547, 0.299897, 0.315175, 0.328260, 0.339061, 0.347517, 0.353583, 0.357233, 0.358451, 0.357233, 0.353583, 0.347517, 0.339061, 0.328260, 0.315175, 0.299897, 0.282547, 0.263287, 0.242328, 0.219938, 0.196445, 0.172242, 0.147789, 0.123598, 0.100227, 0.078250, 0.058239, 0.040723, 0.026149, 0.014837, 0.006916, 0.002245, 0.000296, 0.000000],
               [0, 0.000442, 0.003338, 0.010216, 0.021766, 0.038109, 0.058979, 0.083839, 0.111978, 0.142575, 0.174769, 0.207710, 0.240610, 0.272771, 0.303603, 0.332630, 0.359483, 0.383889, 0.405653, 0.424644, 0.440780, 0.454011, 0.464313, 0.471673, 0.476090, 0.477562, 0.476090, 0.471673, 0.464313, 0.454011, 0.440780, 0.424644, 0.405653, 0.383889, 0.359483, 0.332630, 0.303603, 0.272771, 0.240610, 0.207710, 0.174769, 0.142575, 0.111978, 0.083839, 0.058979, 0.038109, 0.021766, 0.010216, 0.003338, 0.000442, 0.000000],
               [0, 0.000104, 0.000808, 0.002581, 0.005758, 0.010573, 0.017173, 0.025639, 0.036003, 0.048257, 0.062359, 0.078243, 0.095822, 0.114989, 0.135628, 0.157609, 0.180793, 0.205034, 0.230184, 0.256090, 0.282598, 0.309555, 0.336811, 0.364218, 0.391633, 0.418918, 0.445941, 0.472575, 0.498699, 0.524200, 0.548970, 0.572905, 0.595910, 0.617894, 0.638771, 0.658459, 0.676885, 0.693979, 0.709677, 0.723926, 0.736679, 0.747901, 0.757570, 0.765684, 0.772261, 0.777350, 0.781037, 0.783453, 0.784792, 0.785320, 0.785398],
               [0, 0.000274, 0.002091, 0.006531, 0.014235, 0.025538, 0.040563, 0.059288, 0.081593, 0.107294, 0.136165, 0.167955, 0.202400, 0.239235, 0.278197, 0.319034, 0.361507, 0.405392, 0.450479, 0.496578, 0.543511, 0.591116, 0.639244, 0.687754, 0.736514, 0.785398, 0.834282, 0.883043, 0.931553, 0.979680, 1.027285, 1.074219, 1.120317, 1.165405, 1.209289, 1.251762, 1.292600, 1.331562, 1.368396, 1.402841, 1.434631, 1.463502, 1.489203, 1.511509, 1.530234, 1.545259, 1.556562, 1.564265, 1.568705, 1.570523, 1.570796],
               np.negative([0, 0.000154, 0.001175, 0.003667, 0.007969, 0.014228, 0.022436, 0.032477, 0.044154, 0.057209, 0.071348, 0.086254, 0.101604, 0.117077, 0.132371, 0.147202, 0.161316, 0.174487, 0.186520, 0.197250, 0.206540, 0.214281, 0.220386, 0.224790, 0.227450, 0.228340, 0.227450, 0.224790, 0.220386, 0.214281, 0.206540, 0.197250, 0.186520, 0.174487, 0.161316, 0.147202, 0.132371, 0.117077, 0.101604, 0.086254, 0.071348, 0.057209, 0.044154, 0.032477, 0.022436, 0.014228, 0.007969, 0.003667, 0.001175, 0.000154, 0.000000]),
               np.negative([0, 0.000296, 0.002245, 0.006916, 0.014837, 0.026149, 0.040723, 0.058239, 0.078250, 0.100227, 0.123598, 0.147789, 0.172242, 0.196445, 0.219938, 0.242328, 0.263287, 0.282547, 0.299897, 0.315175, 0.328260, 0.339061, 0.347517, 0.353583, 0.357233, 0.358451, 0.357233, 0.353583, 0.347517, 0.339061, 0.328260, 0.315175, 0.299897, 0.282547, 0.263287, 0.242328, 0.219938, 0.196445, 0.172242, 0.147789, 0.123598, 0.100227, 0.078250, 0.058239, 0.040723, 0.026149, 0.014837, 0.006916, 0.002245, 0.000296, 0.000000]),
               np.negative([0, 0.000442, 0.003338, 0.010216, 0.021766, 0.038109, 0.058979, 0.083839, 0.111978, 0.142575, 0.174769, 0.207710, 0.240610, 0.272771, 0.303603, 0.332630, 0.359483, 0.383889, 0.405653, 0.424644, 0.440780, 0.454011, 0.464313, 0.471673, 0.476090, 0.477562, 0.476090, 0.471673, 0.464313, 0.454011, 0.440780, 0.424644, 0.405653, 0.383889, 0.359483, 0.332630, 0.303603, 0.272771, 0.240610, 0.207710, 0.174769, 0.142575, 0.111978, 0.083839, 0.058979, 0.038109, 0.021766, 0.010216, 0.003338, 0.000442, 0.000000]),
               np.negative([0, 0.000104, 0.000808, 0.002581, 0.005758, 0.010573, 0.017173, 0.025639, 0.036003, 0.048257, 0.062359, 0.078243, 0.095822, 0.114989, 0.135628, 0.157609, 0.180793, 0.205034, 0.230184, 0.256090, 0.282598, 0.309555, 0.336811, 0.364218, 0.391633, 0.418918, 0.445941, 0.472575, 0.498699, 0.524200, 0.548970, 0.572905, 0.595910, 0.617894, 0.638771, 0.658459, 0.676885, 0.693979, 0.709677, 0.723926, 0.736679, 0.747901, 0.757570, 0.765684, 0.772261, 0.777350, 0.781037, 0.783453, 0.784792, 0.785320, 0.785398]),
               np.negative([0, 0.000274, 0.002091, 0.006531, 0.014235, 0.025538, 0.040563, 0.059288, 0.081593, 0.107294, 0.136165, 0.167955, 0.202400, 0.239235, 0.278197, 0.319034, 0.361507, 0.405392, 0.450479, 0.496578, 0.543511, 0.591116, 0.639244, 0.687754, 0.736514, 0.785398, 0.834282, 0.883043, 0.931553, 0.979680, 1.027285, 1.074219, 1.120317, 1.165405, 1.209289, 1.251762, 1.292600, 1.331562, 1.368396, 1.402841, 1.434631, 1.463502, 1.489203, 1.511509, 1.530234, 1.545259, 1.556562, 1.564265, 1.568705, 1.570523, 1.570796]),
               np.zeros(51)]

    path_x_1 = [[0, 0.130595, 0.261142, 0.391528, 0.521602, 0.651185, 0.780095, 0.908154, 1.035197, 1.161078, 1.285676, 1.408895, 1.530669, 1.650960, 1.769758, 1.887085, 2.002986, 2.117533, 2.230819, 2.342959, 2.454084, 2.564341, 2.673889, 2.782897, 2.891540, 3.000000, 3.108460, 3.217103, 3.326111, 3.435659, 3.545916, 3.657041, 3.769181, 3.882467, 3.997014, 4.112915, 4.230242, 4.349040, 4.469331, 4.591105, 4.714324, 4.838922, 4.964803, 5.091846, 5.219905, 5.348815, 5.478398, 5.608472, 5.738858, 5.869405, 6.000000],
                [0, 0.161886, 0.323654, 0.485045, 0.645706, 0.805248, 0.963278, 1.119428, 1.273366, 1.424816, 1.573555, 1.719427, 1.862337, 2.002251, 2.139197, 2.273255, 2.404553, 2.533264, 2.659596, 2.783788, 2.906104, 3.026830, 3.146266, 3.264725, 3.382527, 3.500000, 3.617473, 3.735275, 3.853734, 3.973170, 4.093896, 4.216212, 4.340404, 4.466736, 4.595447, 4.726745, 4.860803, 4.997749, 5.137663, 5.280573, 5.426445, 5.575184, 5.726634, 5.880572, 6.036722, 6.194752, 6.354294, 6.514955, 6.676346, 6.838114, 7.000000],
                [0, 0.173950, 0.347713, 0.520872, 0.692873, 0.863104, 1.030951, 1.195837, 1.357249, 1.514755, 1.668020, 1.816807, 1.960986, 2.100526, 2.235491, 2.366028, 2.492360, 2.614771, 2.733598, 2.849219, 2.962044, 3.072508, 3.181065, 3.288181, 3.394333, 3.500000, 3.605667, 3.711819, 3.818935, 3.927492, 4.037956, 4.150781, 4.266402, 4.385229, 4.507640, 4.633972, 4.764509, 4.899474, 5.039014, 5.183193, 5.331980, 5.485245, 5.642751, 5.804163, 5.969050, 6.136896, 6.307127, 6.479128, 6.652287, 6.826050, 7.000000],
                [0, 0.112359, 0.224687, 0.336914, 0.448931, 0.560606, 0.671784, 0.782298, 0.891971, 1.000618, 1.108047, 1.214064, 1.318473, 1.421076, 1.521675, 1.620073, 1.716075, 1.809488, 1.900124, 1.987800, 2.072341, 2.153579, 2.231359, 2.305534, 2.375976, 2.442571, 2.505222, 2.563855, 2.618416, 2.668877, 2.715234, 2.757510, 2.795755, 2.830050, 2.860501, 2.887244, 2.910442, 2.930283, 2.946980, 2.960771, 2.971910, 2.980670, 2.987337, 2.992209, 2.995585, 2.997765, 2.999040, 2.999682, 2.999935, 2.999996, 3.000000],
                [0, 0.151174, 0.302234, 0.452916, 0.602838, 0.751545, 0.898522, 1.043224, 1.185075, 1.323481, 1.457832, 1.587508, 1.711881, 1.830320, 1.942196, 2.046888, 2.143787, 2.232309, 2.311896, 2.382030, 2.442239, 2.492104, 2.531271, 2.559456, 2.576452, 2.582131, 2.576452, 2.559456, 2.531271, 2.492104, 2.442239, 2.382030, 2.311896, 2.232309, 2.143787, 2.046888, 1.942196, 1.830320, 1.711881, 1.587508, 1.457832, 1.323481, 1.185075, 1.043224, 0.898522, 0.751545, 0.602838, 0.452916, 0.302234, 0.151174, 0.000000],
                [0, 0.130602, 0.261254, 0.392064, 0.523187, 0.654793, 0.787059, 0.920148, 1.054208, 1.189359, 1.325694, 1.463276, 1.602139, 1.742289, 1.883705, 2.026346, 2.170147, 2.315029, 2.460899, 2.607653, 2.755177, 2.903350, 3.052049, 3.201145, 3.350506, 3.500000, 3.649494, 3.798855, 3.947951, 4.096650, 4.244823, 4.392347, 4.539101, 4.684971, 4.829853, 4.973654, 5.116295, 5.257711, 5.397861, 5.536724, 5.674306, 5.810641, 5.945792, 6.079852, 6.212941, 6.345207, 6.476813, 6.607936, 6.738746, 6.869398, 7.000000],
                [0, 0.161903, 0.323923, 0.486320, 0.649438, 0.813651, 0.979318, 1.146758, 1.316233, 1.487935, 1.661990, 1.838454, 2.017327, 2.198551, 2.382030, 2.567629, 2.755191, 2.944538, 3.135482, 3.327824, 3.521364, 3.715901, 3.911233, 4.107159, 4.303481, 4.500000, 4.696519, 4.892841, 5.088767, 5.284099, 5.478636, 5.672176, 5.864518, 6.055462, 6.244809, 6.432371, 6.617970, 6.801449, 6.982673, 7.161546, 7.338010, 7.512065, 7.683767, 7.853242, 8.020682, 8.186349, 8.350562, 8.513680, 8.676077, 8.838097, 9.000000],
                [0, 0.173978, 0.348144, 0.522908, 0.698813, 0.876430, 1.056300, 1.238887, 1.424552, 1.613539, 1.805983, 2.001908, 2.201249, 2.403864, 2.609556, 2.818086, 3.029192, 3.242595, 3.458015, 3.675174, 3.893799, 4.113627, 4.334403, 4.555882, 4.777826, 5.000000, 5.222174, 5.444118, 5.665597, 5.886373, 6.106201, 6.324826, 6.541985, 6.757405, 6.970808, 7.181914, 7.390444, 7.596136, 7.798751, 7.998092, 8.194017, 8.386461, 8.575448, 8.761113, 8.943700, 9.123570, 9.301187, 9.477092, 9.651856, 9.826022, 10.000000],
                [0, 0.112363, 0.224757, 0.337252, 0.449956, 0.562999, 0.676530, 0.790707, 0.905693, 1.021649, 1.138733, 1.257097, 1.376881, 1.498216, 1.621217, 1.745985, 1.872606, 2.001148, 2.131663, 2.264184, 2.398726, 2.535287, 2.673848, 2.814370, 2.956801, 3.101070, 3.247095, 3.394779, 3.544015, 3.694688, 3.846673, 3.999844, 4.154070, 4.309223, 4.465177, 4.621809, 4.779006, 4.936662, 5.094682, 5.252983, 5.411493, 5.570153, 5.728914, 5.887741, 6.046607, 6.205495, 6.364392, 6.523293, 6.682195, 6.841098, 7.000000],
                [0, 0.151191, 0.302495, 0.454177, 0.606608, 0.760225, 0.915496, 1.072890, 1.232856, 1.395810, 1.562121, 1.732100, 1.905995, 2.083983, 2.266166, 2.452568, 2.643136, 2.837734, 3.036153, 3.238105, 3.443234, 3.651118, 3.861280, 4.073194, 4.286296, 4.500000, 4.713704, 4.926806, 5.138720, 5.348882, 5.556766, 5.761895, 5.963847, 6.162266, 6.356864, 6.547432, 6.733834, 6.916017, 7.094005, 7.267900, 7.437879, 7.604190, 7.767144, 7.927110, 8.084504, 8.239775, 8.393392, 8.545823, 8.697505, 8.848809, 9.000000],
                np.linspace(0, 1, 51)]

    path_y_1 = [[0, 0.130602, 0.261254, 0.392064, 0.523187, 0.654793, 0.787059, 0.920148, 1.054208, 1.189359, 1.325694, 1.463276, 1.602139, 1.742289, 1.883705, 2.026346, 2.170147, 2.315029, 2.460899, 2.607653, 2.755177, 2.903350, 3.052049, 3.201145, 3.350506, 3.500000, 3.649494, 3.798855, 3.947951, 4.096650, 4.244823, 4.392347, 4.539101, 4.684971, 4.829853, 4.973654, 5.116295, 5.257711, 5.397861, 5.536724, 5.674306, 5.810641, 5.945792, 6.079852, 6.212941, 6.345207, 6.476813, 6.607936, 6.738746, 6.869398, 7.000000],
                [0, 0.161903, 0.323923, 0.486320, 0.649438, 0.813651, 0.979318, 1.146758, 1.316233, 1.487935, 1.661990, 1.838454, 2.017327, 2.198551, 2.382030, 2.567629, 2.755191, 2.944538, 3.135482, 3.327824, 3.521364, 3.715901, 3.911233, 4.107159, 4.303481, 4.500000, 4.696519, 4.892841, 5.088767, 5.284099, 5.478636, 5.672176, 5.864518, 6.055462, 6.244809, 6.432371, 6.617970, 6.801449, 6.982673, 7.161546, 7.338010, 7.512065, 7.683767, 7.853242, 8.020682, 8.186349, 8.350562, 8.513680, 8.676077, 8.838097, 9.000000],
                [0, 0.173978, 0.348144, 0.522908, 0.698813, 0.876430, 1.056300, 1.238887, 1.424552, 1.613539, 1.805983, 2.001908, 2.201249, 2.403864, 2.609556, 2.818086, 3.029192, 3.242595, 3.458015, 3.675174, 3.893799, 4.113627, 4.334403, 4.555882, 4.777826, 5.000000, 5.222174, 5.444118, 5.665597, 5.886373, 6.106201, 6.324826, 6.541985, 6.757405, 6.970808, 7.181914, 7.390444, 7.596136, 7.798751, 7.998092, 8.194017, 8.386461, 8.575448, 8.761113, 8.943700, 9.123570, 9.301187, 9.477092, 9.651856, 9.826022, 10.000000],
                [0, 0.112363, 0.224757, 0.337252, 0.449956, 0.562999, 0.676530, 0.790707, 0.905693, 1.021649, 1.138733, 1.257097, 1.376881, 1.498216, 1.621217, 1.745985, 1.872606, 2.001148, 2.131663, 2.264184, 2.398726, 2.535287, 2.673848, 2.814370, 2.956801, 3.101070, 3.247095, 3.394779, 3.544015, 3.694688, 3.846673, 3.999844, 4.154070, 4.309223, 4.465177, 4.621809, 4.779006, 4.936662, 5.094682, 5.252983, 5.411493, 5.570153, 5.728914, 5.887741, 6.046607, 6.205495, 6.364392, 6.523293, 6.682195, 6.841098, 7.000000],
                [0, 0.151191, 0.302495, 0.454177, 0.606608, 0.760225, 0.915496, 1.072890, 1.232856, 1.395810, 1.562121, 1.732100, 1.905995, 2.083983, 2.266166, 2.452568, 2.643136, 2.837734, 3.036153, 3.238105, 3.443234, 3.651118, 3.861280, 4.073194, 4.286296, 4.500000, 4.713704, 4.926806, 5.138720, 5.348882, 5.556766, 5.761895, 5.963847, 6.162266, 6.356864, 6.547432, 6.733834, 6.916017, 7.094005, 7.267900, 7.437879, 7.604190, 7.767144, 7.927110, 8.084504, 8.239775, 8.393392, 8.545823, 8.697505, 8.848809, 9.000000],
                [0, 0.130595, 0.261142, 0.391528, 0.521602, 0.651185, 0.780095, 0.908154, 1.035197, 1.161078, 1.285676, 1.408895, 1.530669, 1.650960, 1.769758, 1.887085, 2.002986, 2.117533, 2.230819, 2.342959, 2.454084, 2.564341, 2.673889, 2.782897, 2.891540, 3.000000, 3.108460, 3.217103, 3.326111, 3.435659, 3.545916, 3.657041, 3.769181, 3.882467, 3.997014, 4.112915, 4.230242, 4.349040, 4.469331, 4.591105, 4.714324, 4.838922, 4.964803, 5.091846, 5.219905, 5.348815, 5.478398, 5.608472, 5.738858, 5.869405, 6.000000],
                [0, 0.161886, 0.323654, 0.485045, 0.645706, 0.805248, 0.963278, 1.119428, 1.273366, 1.424816, 1.573555, 1.719427, 1.862337, 2.002251, 2.139197, 2.273255, 2.404553, 2.533264, 2.659596, 2.783788, 2.906104, 3.026830, 3.146266, 3.264725, 3.382527, 3.500000, 3.617473, 3.735275, 3.853734, 3.973170, 4.093896, 4.216212, 4.340404, 4.466736, 4.595447, 4.726745, 4.860803, 4.997749, 5.137663, 5.280573, 5.426445, 5.575184, 5.726634, 5.880572, 6.036722, 6.194752, 6.354294, 6.514955, 6.676346, 6.838114, 7.000000],
                [0, 0.173950, 0.347713, 0.520872, 0.692873, 0.863104, 1.030951, 1.195837, 1.357249, 1.514755, 1.668020, 1.816807, 1.960986, 2.100526, 2.235491, 2.366028, 2.492360, 2.614771, 2.733598, 2.849219, 2.962044, 3.072508, 3.181065, 3.288181, 3.394333, 3.500000, 3.605667, 3.711819, 3.818935, 3.927492, 4.037956, 4.150781, 4.266402, 4.385229, 4.507640, 4.633972, 4.764509, 4.899474, 5.039014, 5.183193, 5.331980, 5.485245, 5.642751, 5.804163, 5.969050, 6.136896, 6.307127, 6.479128, 6.652287, 6.826050, 7.000000],
                [0, 0.112359, 0.224687, 0.336914, 0.448931, 0.560606, 0.671784, 0.782298, 0.891971, 1.000618, 1.108047, 1.214064, 1.318473, 1.421076, 1.521675, 1.620073, 1.716075, 1.809488, 1.900124, 1.987800, 2.072341, 2.153579, 2.231359, 2.305534, 2.375976, 2.442571, 2.505222, 2.563855, 2.618416, 2.668877, 2.715234, 2.757510, 2.795755, 2.830050, 2.860501, 2.887244, 2.910442, 2.930283, 2.946980, 2.960771, 2.971910, 2.980670, 2.987337, 2.992209, 2.995585, 2.997765, 2.999040, 2.999682, 2.999935, 2.999996, 3.000000],
                [0, 0.151174, 0.302234, 0.452916, 0.602838, 0.751545, 0.898522, 1.043224, 1.185075, 1.323481, 1.457832, 1.587508, 1.711881, 1.830320, 1.942196, 2.046888, 2.143787, 2.232309, 2.311896, 2.382030, 2.442239, 2.492104, 2.531271, 2.559456, 2.576452, 2.582131, 2.576452, 2.559456, 2.531271, 2.492104, 2.442239, 2.382030, 2.311896, 2.232309, 2.143787, 2.046888, 1.942196, 1.830320, 1.711881, 1.587508, 1.457832, 1.323481, 1.185075, 1.043224, 0.898522, 0.751545, 0.602838, 0.452916, 0.302234, 0.151174, 0.000000],
                np.linspace(0, 1, 51)]

    theta_1 = [[0.785398, 0.785508, 0.786235, 0.788004, 0.791051, 0.795469, 0.801241, 0.808276, 0.816424, 0.825501, 0.835298, 0.845597, 0.856177, 0.866824, 0.877336, 0.887524, 0.897218, 0.906267, 0.914539, 0.921922, 0.928319, 0.933654, 0.937865, 0.940906, 0.942743, 0.943357, 0.942743, 0.940906, 0.937865, 0.933654, 0.928319, 0.921922, 0.914539, 0.906267, 0.897218, 0.887524, 0.877336, 0.866824, 0.856177, 0.845597, 0.835298, 0.825501, 0.816424, 0.808276, 0.801241, 0.795469, 0.791051, 0.788004, 0.786235, 0.785508, 0.785398],
               [0.785398, 0.785611, 0.787013, 0.790360, 0.796009, 0.804030, 0.814299, 0.826561, 0.840481, 0.855679, 0.871761, 0.888340, 0.905049, 0.921555, 0.937564, 0.952820, 0.967109, 0.980254, 0.992112, 1.002570, 1.011541, 1.018958, 1.024771, 1.028946, 1.031460, 1.032299, 1.031460, 1.028946, 1.024771, 1.018958, 1.011541, 1.002570, 0.992112, 0.980254, 0.967109, 0.952820, 0.937564, 0.921555, 0.905049, 0.888340, 0.871761, 0.855679, 0.840481, 0.826561, 0.814299, 0.804030, 0.796009, 0.790360, 0.787013, 0.785611, 0.785398],
               [0.785398, 0.785717, 0.787803, 0.792754, 0.801053, 0.812764, 0.827665, 0.845350, 0.865301, 0.886943, 0.909685, 0.932958, 0.956235, 0.979048, 1.000999, 1.021754, 1.041047, 1.058668, 1.074459, 1.088301, 1.100112, 1.109832, 1.117423, 1.122860, 1.126127, 1.127217, 1.126127, 1.122860, 1.117423, 1.109832, 1.100112, 1.088301, 1.074459, 1.058668, 1.041047, 1.021754, 1.000999, 0.979048, 0.956235, 0.932958, 0.909685, 0.886943, 0.865301, 0.845350, 0.827665, 0.812764, 0.801053, 0.792754, 0.787803, 0.785717, 0.785398],
               [0.785398, 0.785476, 0.786005, 0.787343, 0.789760, 0.793446, 0.798535, 0.805113, 0.813226, 0.822896, 0.834117, 0.846870, 0.861119, 0.876818, 0.893911, 0.912337, 0.932026, 0.952902, 0.974886, 0.997891, 1.021827, 1.046596, 1.072097, 1.098222, 1.124855, 1.151878, 1.179163, 1.206579, 1.233986, 1.261242, 1.288199, 1.314707, 1.340612, 1.365762, 1.390004, 1.413187, 1.435168, 1.455807, 1.474975, 1.492553, 1.508437, 1.522539, 1.534793, 1.545157, 1.553624, 1.560223, 1.565038, 1.568216, 1.569988, 1.570692, 1.570796],
               [0.785398, 0.785619, 0.787092, 0.790736, 0.797145, 0.806682, 0.819540, 0.835799, 0.855455, 0.878448, 0.904678, 0.934018, 0.966322, 1.001428, 1.039163, 1.079347, 1.121790, 1.166297, 1.212666, 1.260684, 1.310136, 1.360796, 1.412433, 1.464808, 1.517678, 1.570796, 1.623915, 1.676785, 1.729160, 1.780796, 1.831456, 1.880908, 1.928927, 1.975295, 2.019803, 2.062246, 2.102430, 2.140165, 2.175270, 2.207574, 2.236915, 2.263145, 2.286138, 2.305793, 2.322052, 2.334911, 2.344447, 2.350857, 2.354500, 2.355974, 2.356194],
               np.full(51, 1.570796) - [0.785398, 0.785508, 0.786235, 0.788004, 0.791051, 0.795469, 0.801241, 0.808276, 0.816424, 0.825501, 0.835298, 0.845597, 0.856177, 0.866824, 0.877336, 0.887524, 0.897218, 0.906267, 0.914539, 0.921922, 0.928319, 0.933654, 0.937865, 0.940906, 0.942743, 0.943357, 0.942743, 0.940906, 0.937865, 0.933654, 0.928319, 0.921922, 0.914539, 0.906267, 0.897218, 0.887524, 0.877336, 0.866824, 0.856177, 0.845597, 0.835298, 0.825501, 0.816424, 0.808276, 0.801241, 0.795469, 0.791051, 0.788004, 0.786235, 0.785508, 0.785398],
               np.full(51, 1.570796) - [0.785398, 0.785611, 0.787013, 0.790360, 0.796009, 0.804030, 0.814299, 0.826561, 0.840481, 0.855679, 0.871761, 0.888340, 0.905049, 0.921555, 0.937564, 0.952820, 0.967109, 0.980254, 0.992112, 1.002570, 1.011541, 1.018958, 1.024771, 1.028946, 1.031460, 1.032299, 1.031460, 1.028946, 1.024771, 1.018958, 1.011541, 1.002570, 0.992112, 0.980254, 0.967109, 0.952820, 0.937564, 0.921555, 0.905049, 0.888340, 0.871761, 0.855679, 0.840481, 0.826561, 0.814299, 0.804030, 0.796009, 0.790360, 0.787013, 0.785611, 0.785398],
               np.full(51, 1.570796) - [0.785398, 0.785717, 0.787803, 0.792754, 0.801053, 0.812764, 0.827665, 0.845350, 0.865301, 0.886943, 0.909685, 0.932958, 0.956235, 0.979048, 1.000999, 1.021754, 1.041047, 1.058668, 1.074459, 1.088301, 1.100112, 1.109832, 1.117423, 1.122860, 1.126127, 1.127217, 1.126127, 1.122860, 1.117423, 1.109832, 1.100112, 1.088301, 1.074459, 1.058668, 1.041047, 1.021754, 1.000999, 0.979048, 0.956235, 0.932958, 0.909685, 0.886943, 0.865301, 0.845350, 0.827665, 0.812764, 0.801053, 0.792754, 0.787803, 0.785717, 0.785398],
               np.full(51, 1.570796) - [0.785398, 0.785476, 0.786005, 0.787343, 0.789760, 0.793446, 0.798535, 0.805113, 0.813226, 0.822896, 0.834117, 0.846870, 0.861119, 0.876818, 0.893911, 0.912337, 0.932026, 0.952902, 0.974886, 0.997891, 1.021827, 1.046596, 1.072097, 1.098222, 1.124855, 1.151878, 1.179163, 1.206579, 1.233986, 1.261242, 1.288199, 1.314707, 1.340612, 1.365762, 1.390004, 1.413187, 1.435168, 1.455807, 1.474975, 1.492553, 1.508437, 1.522539, 1.534793, 1.545157, 1.553624, 1.560223, 1.565038, 1.568216, 1.569988, 1.570692, 1.570796],
               np.full(51, 1.570796) - [0.785398, 0.785619, 0.787092, 0.790736, 0.797145, 0.806682, 0.819540, 0.835799, 0.855455, 0.878448, 0.904678, 0.934018, 0.966322, 1.001428, 1.039163, 1.079347, 1.121790, 1.166297, 1.212666, 1.260684, 1.310136, 1.360796, 1.412433, 1.464808, 1.517678, 1.570796, 1.623915, 1.676785, 1.729160, 1.780796, 1.831456, 1.880908, 1.928927, 1.975295, 2.019803, 2.062246, 2.102430, 2.140165, 2.175270, 2.207574, 2.236915, 2.263145, 2.286138, 2.305793, 2.322052, 2.334911, 2.344447, 2.350857, 2.354500, 2.355974, 2.356194],
               np.full(51, 0.785398)]


    @staticmethod
    def to_base_action(start_direction, end_direction, delta_x, delta_y):
        """
            Calculate the base action(action when start direction is 0 or 1) from action.
        Args:
            start_pos: (int, int). The start position of the vehicle. Must inside the graph.
            start_direction: integer of 0~7. The start direction of the vehicle.
            end_pos: (int, int). The destination.
            end_direction: integer of 0~7. The direction when finish moving.

        Returns:
            the base action(action when start direction is 0 or 1)
        """
        # rotate action to direction = 0 or direction = 1
        if start_direction % 2 == 0:
            base_action = ActionSet.action_rotate(((8-start_direction) % 8) // 2, (delta_x, delta_y, end_direction, 1))
        else:
            base_action = ActionSet.action_rotate(((9-start_direction) % 8) // 2, (delta_x, delta_y, end_direction, 1))

        # judge if the action is forward or not
        is_forward = 1
        if start_direction % 2 == 0:
            if base_action[0] < 0:
                is_forward = 0
        else:
            if base_action[0] < 0 or base_action[1] < 0:
                is_forward = 0

        base_action = (base_action[0], base_action[1], base_action[2], is_forward)
        return base_action

    @staticmethod
    def sample_points(start_pos, start_direction, end_pos, end_direction):
        """
            Add more points to specific action. Because the path is describe by position and direction,
            it is not smooth at all. This function use action_functions to add more points
            to actions. 
        Args:
            start_pos: (int, int). The start position of the vehicle. Must inside the graph.
            start_direction: integer of 0~7. The start direction of the vehicle.
            end_pos: (int, int). The destination.
            end_direction: integer of 0~7. The direction when finish moving.

        Returns:
            (p, t). p is an list of points in (x, y), theta is the corresponding theta.
        """
        delta_x, delta_y = end_pos[0] - start_pos[0], end_pos[1] - start_pos[1]

        # calculate the rotate information
        rotate_num = start_direction // 2
        set_num = start_direction % 2

        # get the base action
        base_action = ActionSet.to_base_action(start_direction, end_direction, delta_x, delta_y)
        if set_num == 0:
            action_index = ActionSet.direction_actions_0.index(base_action)
            x = ActionSet.path_x_0[action_index % 11]
            y = ActionSet.path_y_0[action_index % 11]
            theta = ActionSet.theta_0[action_index % 11]
            if action_index >= 11:
                x = np.negative(x)
                y = np.negative(y)

        else:
            action_index = ActionSet.direction_actions_1.index(base_action)
            x = ActionSet.path_x_1[action_index % 11]
            y = ActionSet.path_y_1[action_index % 11]
            theta = ActionSet.theta_1[action_index % 11]
            if action_index >= 11:
                x = np.negative(x)
                y = np.negative(y)

        pos = np.vstack([x, y]).T
        rot_matrix = np.array([[0, 1], [-1, 0]])
        for _ in range(rotate_num):
            pos = np.matmul(pos, rot_matrix)
            for i in range(len(theta)):
                theta[i] = (theta[i] + np.pi / 2) % (2 * np.pi)
        
        pos[:, 0] += start_pos[0]
        pos[:, 1] += start_pos[1]
        return pos, theta

    @staticmethod
    def action_rotate(rotate_num, direction_action):
        """
            Rotate an action of rotate_num * pi / 2.
        Args:
            rotate_num: int. number of pi / 2 to ratate.
            direction_action: tuple. Defined in ActionSet.
        
        Returns:
            the new_action rotated.
        """
        direction_max = 8
        new_action = list(copy.copy(direction_action))
        for _ in range(rotate_num):
            new_action[0], new_action[1], new_action[2] = \
                - new_action[1], new_action[0], (new_action[2] + 2) % direction_max

        return new_action

    @staticmethod
    def action_clean(direction_actions, position, x_max, y_max):
        """
            Delete the illegal actions in direction_actions.
        Args:
            direction_actions: list of actions.
            position: (int, int). The current position in graph.
            x_max, y_max: int. They define the size of the graph. The graph min 
                pos is (0, 0)

        Returns:
            An list of legal actions.
        """
        temp_actions = []
        for action in direction_actions:
            # del invalid action when x is on the edge of lattice
            if position[0] < 12:
                if position[0] + action[0] < 0:
                    continue
                elif position[0] + action[0] == 0 and action[2] in [3, 5, 7]:
                    continue
            elif position[0] > x_max - 13:
                if position[0] + action[0] > x_max - 1:
                    continue
                elif position[0] + action[0] == x_max - 1 and action[2] in [1, 3, 5, 7]:
                    continue
            
            # del invalid action when y is on the edge of lattice
            if position[1] < 12:
                if action[1] + position[1] < 0:
                    continue
                elif position[1] + action[1] == 0 and action[2] in [3, 5, 7]:
                    continue
            elif position[1] > y_max - 13:
                if action[1] + position[1] > y_max - 1:
                    continue
